1268 30 29 30 30 30 29 30 29 30 29 30 29 355
1269 29 30 29 30 30 29 30 30 29 30 29 30 355
1270 29 30 29 29 30 29 30 30 29 30 30 29 354
1271 30 29 30 29 29 30 29 30 29 30 30 30 355
1272 29 30 29 30 29 29 30 29 30 29 30 30 354
1273 29 30 30 29 30 29 30 29 29 30 30 30 355
1274 29 30 30 29 30 30 29 30 29 29 29 30 354
1275 30 29 30 29 30 30 30 29 30 29 29 30 355
1276 29 30 29 30 29 30 30 29 30 29 30 29 354
1277 30 29 30 29 29 30 30 29 30 30 29 30 355
1278 29 30 29 30 29 29 30 29 30 30 29 30 354
1279 30 30 29 29 30 29 29 30 29 30 29 30 354
1280 30 30 30 29 29 30 29 29 30 29 30 29 354
1281 30 30 30 29 30 29 30 29 29 30 29 30 355
1282 29 30 30 29 30 29 30 30 29 30 29 29 354
1283 30 29 30 29 30 29 30 30 30 29 30 29 355
1284 29 30 29 30 29 29 30 30 30 29 30 30 355
1285 29 29 30 29 29 30 29 30 30 29 30 30 354
1286 29 30 29 30 29 29 30 29 30 29 30 30 354
1287 30 29 30 29 29 30 29 30 29 30 29 30 354
1288 30 29 30 29 30 29 30 29 30 29 30 29 354
1289 30 29 30 30 29 30 29 30 30 29 29 30 355
1290 29 30 29 30 29 30 30 30 29 30 29 29 354
1291 30 29 29 30 29 30 30 30 30 29 30 29 355

1292 29 30 29 29 30 29 30 30 30 29 30 29 354
1293 30 29 30 29 29 30 29 30 30 29 30 29 354
1294 30 30 29 30 29 29 30 30 29 30 29 29 354
1295 30 30 30 29 30 29 30 30 29 29 29 30 355
1296 29 30 30 29 30 30 29 30 30 29 29 29 354
1297 30 29 30 29 30 30 30 29 30 30 29 29 355
1298 29 30 29 30 29 30 29 30 30 30 29 29 354
1299 30 29 30 29 29 30 30 29 30 30 30 29 355
1300 29 30 29 30 29 29 30 30 29 30 30 29 354
1301 30 29 30 29 30 29 30 29 29 30 30 29 354
1302 30 29 30 30 29 30 29 30 29 29 30 29 354
1303 30 29 30 30 30 29 30 29 30 29 29 30 355
1304 29 29 30 30 30 29 30 30 29 30 29 29 354
1305 30 29 29 30 30 30 29 30 30 29 30 29 355
1306 29 30 29 30 29 30 29 30 30 29 30 29 354
1307 30 29 30 29 30 29 30 29 30 29 30 29 354
1308 30 30 29 30 29 30 29 29 30 29 30 29 354
1309 30 30 30 29 30 29 30 29 29 30 29 30 355
1310 29 30 30 30 29 30 29 30 29 29 30 29 354
1311 30 29 30 30 29 30 30 29 30 29 29 30 355
1312 29 30 29 30 30 29 30 30 29 30 29 29 354
1313 30 29 30 29 30 29 30 29 30 30 29 30 355
1314 29 30 30 29 29 30 29 30 29 30 30 29 354
1315 30 30 29 30 29 29 30 29 29 30 30 29 354
1316 30 30 30 29 30 29 29 30 29 29 30 29 354
1317 30 30 30 30 29 30 29 29 30 29 29 30 355
1318 29 30 30 30 29 30 29 30 29 30 29 29 354
1319 30 29 30 30 29 30 29 30 30 29 30 29 355
1320 30 29 29 30 30 29 29 30 30 29 30 30 355
1321 29 30 29 29 30 29 29 30 30 29 30 30 354
1322 30 29 29 30 29 30 29 29 30 29 30 30 354
1323 30 29 30 30 29 29 30 29 29 30 29 30 354
1324 30 30 29 30 29 30 29 30 29 29 30 29 354
1325 30 30 29 30 29 30 30 29 30 29 30 29 355
1326 29 30 29 30 29 30 30 29 30 30 29 30 355
1327 29 29 30 29 30 29 30 30 29 30 30 29 354
1328 30 29 30 29 29 29 30 30 29 30 30 30 355
1329 29 30 29 29 30 29 29 30 30 29 30 30 354
1330 29 30 30 29 30 29 29 29 30 30 29 30 354
1331 29 30 30 30 29 29 30 29 30 29 30 29 354
1332 30 29 30 30 29 30 29 30 29 30 29 30 355
1333 29 29 30 30 29 30 29 30 30 30 29 29 354
1334 30 29 29 30 29 30 30 29 30 30 30 29 355
1335 29 30 29 29 30 29 30 29 30 30 30 30 355
1336 29 29 30 29 29 30 29 30 29 30 30 30 354
1337 29 29 30 30 29 29 30 29 30 29 30 30 354
1338 29 30 29 30 30 29 29 30 29 30 29 30 354
1339 29 29 30 30 30 29 30 29 30 29 30 29 354
1340 29 30 29 30 30 30 29 30 30 29 29 30 355

1341 29 29 30 29 30 30 29 30 30 29 30 29 354
1342 30 29 29 30 29 30 29 30 30 30 29 30 355
1343 29 29 30 29 30 29 30 29 30 29 30 30 354
1344 29 30 29 30 29 30 29 30 29 30 29 30 354
1345 29 30 30 29 30 30 29 29 30 29 29 30 354
1346 29 30 30 29 30 30 30 29 29 30 29 29 354
1347 30 29 30 30 29 30 30 29 30 29 30 29 355
1348 29 30 29 30 30 29 30 30 29 30 29 30 355
1349 29 29 30 29 30 30 29 30 29 30 30 29 354
1350 30 29 29 30 29 30 29 30 29 30 30 29 354
1351 30 30 29 30 29 30 29 29 30 29 30 29 354
1352 30 30 29 30 30 29 30 29 29 30 29 30 355
1353 29 30 30 30 29 30 29 30 29 29 30 29 354
1354 29 30 29 30 30 30 30 29 29 30 29 30 355
1355 29 29 30 30 29 30 30 29 30 29 30 29 354
1356 30 29 29 30 30 29 30 29 30 30 29 30 355
1357 29 30 29 30 29 30 29 29 30 30 29 30 354
1358 30 29 30 29 30 29 29 30 29 30 29 30 354
1359 30 30 29 30 29 30 29 29 30 29 29 30 354
1360 30 30 29 30 30 29 30 29 29 30 29 30 355
1361 29 30 30 29 30 30 29 30 29 29 30 29 354
1362 30 29 30 29 30 30 29 30 29 30 29 30 355
1363 29 30 29 30 29 29 30 30 29 30 30 29 354
1364 30 30 29 29 30 29 29 30 30 29 30 30 355
1365 29 30 30 29 29 29 30 29 30 29 30 30 354
1366 30 29 30 29 30 29 29 30 29 29 30 30 354
1367 30 30 29 30 29 30 29 29 30 29 30 29 354
1368 30 29 30 30 29 30 30 29 29 30 29 30 355
1369 29 30 29 30 29 30 30 29 30 29 30 29 354
1370 30 29 30 29 30 29 30 29 30 30 30 29 355
1371 29 30 29 30 29 29 30 29 30 30 30 29 354
1372 30 30 29 29 30 29 29 30 29 30 30 30 355
1373 29 30 29 30 29 30 29 29 30 29 30 30 354
1374 29 30 30 29 30 29 30 29 29 30 29 30 354
1375 29 30 30 29 30 30 29 30 29 29 30 29 354
1376 30 29 30 29 30 30 29 30 30 29 30 29 355
1377 29 30 29 29 30 29 29 30 30 30 30 30 355
1378 29 29 30 29 29 30 29 30 30 30 29 30 354
1379 30 29 29 30 29 29 30 29 30 30 29 30 354
1380 30 29 30 29 30 29 29 30 30 29 29 30 354
1381 30 29 30 30 29 30 29 30 29 29 30 29 354
1382 30 29 30 30 29 30 30 29 30 29 29 30 355
1383 29 30 30 29 30 30 30 29 30 30 29 29 355
1384 30 29 29 30 29 30 30 30 29 30 30 29 355
1385 29 30 29 29 30 29 30 30 29 30 30 30 355
1386 29 29 30 29 29 30 29 30 29 30 30 30 354
1387 29 30 29 30 29 30 29 29 30 29 30 30 354
1388 29 30 30 29 30 29 30 29 30 29 30 29 354

1389 29 30 30 29 30 30 29 30 29 29 30 29 354
1390 30 29 30 29 30 30 30 29 30 29 30 29 355
1391 29 30 29 29 30 30 30 29 30 30 29 30 355
1392 29 29 30 29 29 30 30 29 30 30 29 30 354
1393 30 29 29 30 29 29 30 30 29 30 29 30 354
1394 30 30 29 30 29 29 30 29 29 30 29 30 354
1395 30 30 29 30 29 30 29 30 29 29 29 29 353
1396 30 29 30 30 30 29 30 29 30 29 29 30 355
1397 30 29 29 30 30 30 29 30 29 30 29 29 354
1398 30 29 30 29 29 29 30 30 29 30 29 30 354
1399 29 30 29
